NARGP
	MAE: [0.7691492756789033, 0.7691965424704471, 0.7673800303270352] 
	NLL: [1.709335805344591, 1.7065099539138973, 1.921486273632172]

SFGP:
	MAE: [0.7701773205658068, 0.7706400637992228, 0.7701615006205488] 
	NLL: [1.7551583005711675, 1.632421926740567, 1.7578721001775879]
